#----------------------- 
#tableROW = [[1],[1]]
#tableCOL = [[1],[1]]

#----------------------- крестик
#tableROW = [[3],[2,2],[1,1],[2,2],[3]]
#tableCOL = [[3],[2,2],[1,1],[2,2],[3]]

#----------------------- present
#tableROW = [[2],[3],[1,1,1]]
#tableCOL = [[1],[3],[1],[2],[0],[1]]

#----------------------- чудовище из оптимы
#tableROW = [[3,6], [1,4], [1,1,3], [2], [3,3], [1,4], [2,5], [2,5], [1,1], [3]]
#tableCOL = [[2,3], [1,2], [1,1,1,1], [1,2], [1,1,1,1], [1,2], [2,3], [3,4], [8], [9]]

#-----------------------коала
#tableROW = [[4,4,2], [2,11,2,2], [1,1,1,1,2], [1,1,2], [1,2,2], [2,1,1,2], [4,2,2], [1,1,1,2,6], [1,2,1,2,1,1], [2,2,5,2,1], [2,1,2,2,3], [2,2,2,4], [1,7,2,2], [2,1,2,2], [1,2,1,2,3], [1,2,3,3], [1,2,2,4], [1,2,1,5], [1,3,7,3,1], [1,1,2,3,2], [1,2,1,2], [1,8,5], [2,8], [3,6], [17]]
#tableCOL = [[5,10], [2,2,3,2], [1,1,2,1], [1,1,2,1,2], [3,5,1,1], [1,2,1,1], [1,1,2,1,2,1], [1,1,2,2,1], [1,3,1,2,2,1], [1,3,1,2,1,1], [1,1,2,1,1], [1,1,1,1,1,1], [1,2,1,1,1], [2,2,3,1,1], [2,2,4,1,1,1], [1,3,1,1,2,1], [1,2,1,2,2,3], [2,3,1,2,1,3], [4,2,2,4,3], [2,2,5,4], [1,1,10], [8,8,3], [15,3], [1,1,3], [3,2]]

#------------------------Wikimedia
#tableROW=[[7],[9],[11],[12],[13],[2,13,2],[4,13,4],[6,13,5],[7,12,7],[6,11,7],[6,2,9,1,6],[5,3,6,3,6],[6,5,4,6],[5,7,6,5],[5,8,7,6],[5,9,9,6],[5,10,10,5],[5,10,10,5],[5,10,10,5],[5,10,10,5],[6,10,10,5],[5,10,10,5],[5,9,10,6],[5,9,9,5],[6,8,9,5],[5,8,8,6],[6,7,7,5],[6,6,6,6],[6,5,5,6],[6,3,3,7],[8,7],[9,8],[11,10],[25],[23],[19],[13],[7]]
#tableCOL=[[4],[13],[18],[21],[24],[11,12],[8,9],[6,8],[4,6,7],[2,11,6],[14,6],[17,6],[18,5],[4,18,6],[8,17,5],[10,17,5],[11,16,6],[12,15,5],[12,5],[12,5],[12,5],[12,14,5],[12,15,5],[10,16,5],[8,16,5],[6,17,5],[17,5],[17,5],[15,6],[1,12,6],[3,8,7],[5,7],[8,8],[11,10],[25],[22],[19],[15],[9]]

#------------------------sun soltime 27, N = 50 M = 60
#tableROW = [[1,4,3],[1,3,1,2,4],[3,1,4,1,3,2,2,1],[1,3,1,4,1,3,2,2,3,2],[3,1,3,1,6,3,2,3,3,3],[3,1,6,4,6,4,3,2],[1,3,1,17,4,4,1,1],[2,1,3,1,23,4,2],[3,1,13,15,2],[1,2,1,10,11,3],[1,2,1,8,9,4],[5,7,13],[3,6,4,12],[1,5,7,10],[1,4,8,9],[7,2,8,7],[2,4,8,6,2],[4,2,6,10],[6,5,6,8],[10,5,13,7],[8,8,15,6],[6,10,15,5],[4,5,17,3],[3,8,4,8,7],[5,2,3,3,5,7,7],[1,3,2,5,5,2,1,6,6],[1,4,2,1,2,2,4,2,3,5,5],[1,5,4,2,4,9,6,3],[7,13,6,1,6,2],[5,5,2,5,7,2],[4,5,2,3,7,3],[3,5,1,3,8,6],[3,2,4,9,6],[2,2,4,16,6],[4,1,3,15,2,3],[4,2,4,1,15,2],[3,25,4],[1,2,6,19,6],[2,2,7,2,1,13,7],[2,4,7,1,2,1,8,8],[1,6,5,9,9,8],[9,4,12,9,9],[10,7,7,10,7],[5,6,1,1,11,6],[1,4,5,16,4],[2,4,2,5,14,4],[1,5,9,10,6],[1,7,9,8,8],[2,9,6,7,10],[1,6,4,5,6,13],[4,6,4,7,4,9],[2,2,8,2,3,7,8],[4,10,10,2,5],[4,1,25,4,2],[1,3,1,25,5],[1,3,1,5,1,3,5,2,5,5],[1,3,1,4,1,3,4,2,4,4],[4,1,3,1,2,1,2,2,3,4],[3,1,3,1,1,1,1,2,2,3],[2,1,2,2,1,1,2],]
#tableCOL = [[1,2,2,3,1],[4,2,2,1,1,3,1,2,2,2],[2,1,2,2,1,3,2,2,2,3,4],[2,1,3,3,1,5,2,1,3,2,1,1,2],[1,1,1,6,1,7,1,1,3,2,2,1,2],[1,3,1,17,1,7,2,1,3],[2,3,1,27,3,5],[4,3,2,8,15,4],[2,3,1,4,11,4],[2,4,4,8,2,3],[11,1,5,3],[9,2,8,2],[3,7,1,3,2,1,6,5],[1,10,2,4,5,2,11],[2,5,2,2,2,1,6,2,9],[9,3,2,1,1,1,8,3,7],[8,3,1,1,2,2,12,6],[7,3,1,7,4,8,4,4],[3,5,5,2,4,5,9,5,1],[1,7,7,4,5,10,3,2],[2,4,11,5,1,6,6],[3,3,4,4,5,2,2,3,4],[7,2,2,3,1,4,1,2,5],[6,1,3,3,1,2,1],[5,3,3,2,1,4,1],[4,6,10,2,6],[2,2,13,2,3,2,2,5],[1,3,24,3,3,4],[1,5,2,6,4,7,3,8,4],[1,7,3,5,2,3,7,2,8,3],[9,4,5,1,5,6,1,9,4],[4,5,5,5,7,7,9,6],[1,2,3,4,5,2,1,2,6,10,4,2],[1,4,5,4,1,2,1,16,5,1],[1,5,11,2,1,17,6,1],[2,7,11,1,17,8,2],[2,9,12,18,10],[1,11,31,3,9],[6,7,29,4,5],[3,9,25,5],[1,12,21,8,3],[16,17,10,4],[6,11,7,13,4],[4,16,11,6,5],[1,33,5,4],[24,8,5,4],[3,6,5,5,4,7,4,2],[3,4,4,4,4,6,4,1],[3,4,3,3,4,5,4],[3,2,2,4,4,3],]

#--------------------------tiger soltime 376, N = 75 M = 50
#tableROW = [[4,4],[3,4,3,2],[2,5,4,2],[3,6,5,2],[2,8,7,2],[2,8,12,9,1,2],[2,1,42,2,2],[2,2,12,14,12,1,2],[3,2,5,2,1,12,5,2,5,2,3],[3,3,3,3,9,4,13,3,3],[2,6,5,9,6,5,2,5,3],[1,5,14,1,4,16,3,3],[2,3,17,7,1,21],[7,3,3,7,16,1,1,1,7],[14,3,11,2,6,2,4,1,1,2],[3,1,1,3,3,4,14,1,2,6,3],[3,9,1,1,7,4,2,3,3,2,4],[4,2,1,3,12,3,4,4],[1,1,8,1,3,2,2,5,2,2],[2,2,7,2,1,7,1,2,6,2,2],[2,8,2,6,10,2,6,6,1,5],[16,8,7,5,8,2,3,7],[3,12,5,2,2,1,8,3,4,7,6],[2,2,2,8,4,3,9,3,3,8,6],[1,1,2,8,7,8,7,7,1,1,5],[3,17,2,3,2,2,3,7,3,3,3],[2,2,2,3,10,2,8,2,13,1,4],[4,3,21,8,13,4,3,1,2],[4,9,4,15,2,2,9,5,8,2,2],[8,24,4,12,5,1,3,10],[17,9,17,1,26],[2,14,14,1,1,2,8,2,5,2,7],[7,1,2,7,9,3,2,8,7,5,5],[2,1,1,8,8,3,4,7,2,4,5],[3,1,1,1,6,7,14,14,1,1,1],[11,1,2,4,4,3,6,1,2,2],[3,3,3,3,3,6,2,2,2,5,5],[2,4,1,4,2,4,3,2,7,1,1],[3,4,4,1,3,2,3,5,4,7],[13,2,3,2,4,2,3,11],[3,4,3,3,4,3,1,1,4,3],[3,4,3,3,9,6,1,2,2,2],[2,2,3,5,22,1,1,10,2],[2,2,8,3,14,9,3,1],[2,2,3,2,3,7,5,2,2,3],[2,2,2,2,3,4,2,2,3],[1,2,2,1,12,1,2,2],[2,2,3,1,1,3,3,2,2],[2,2,3,3,2,3,2,2],[2,16,2]]
#tableCOL = [[7,2],[12,2],[3,1,4,3,2],[3,5,1,1,2],[3,1,2,1,3,2],[4,3,1,1,1,5,3,1],[7,2,6,5,4,2,1],[3,3,4,3,8,2,3,2],[1,2,4,7,2,2,1,1,3,2],[2,2,3,7,2,3,1,1,2],[1,5,3,3,1,4,2,2,2],[2,3,8,2,6,2,2,2],[3,2,1,22,2],[3,21,1,8],[4,2,4,1,8,5,3,1,3,1],[3,13,7,6,2,3,2],[4,4,1,21,5,2],[4,21,4,4,1,2],[6,1,5,13,2,2,2],[12,7,1,3,3,3],[9,1,3,3,2,1,2,1,2],[6,5,5,3,4,1,9],[4,3,2,4,6,2,1,1,3],[3,5,5,9,2,4],[2,3,1,5,9,1,1,3],[7,2,3,1,8,1,7],[8,2,1,1,8,1,1,3],[2,5,1,4,3,4,2,2,1],[3,7,3,7,1,1,2],[2,1,4,1,3,7,2,3,1],[1,10,8,1,4,2],[12,2,10,5,1],[14,3,5,3,1,2,1],[6,1,4,3,1,1,9,3,1,2],[7,6,9,3,3,4,4],[6,4,5,8,1,1,1,4,1,2],[20,6,4,5,2,1],[13,9,2,11,1,1],[4,11,9,11,1,1],[5,3,10,3,2,2,1,5,2,1],[6,4,1,9,2,1,1,1,4,4],[32,3,4],[3,3,1,2,1,2,4,3,5,1],[4,6,1,3,2,2,3,4,1],[6,2,2,2,10,4,1],[1,10,2,3,2,1,4,2],[4,4,1,3,7,1,3,1],[9,3,3,3,2,1,2],[2,7,4,8,1,1,2,1],[8,1,2,1,8,2,1,1,3],[7,2,1,8,9],[3,6,5,9,2,2,2],[3,1,2,1,4,3,1,2,6],[8,4,2,4,1,2,1,1],[11,4,3,4,1,3,2],[6,2,1,3,6,1,1,2,2,2],[12,3,3,1,2,1,3],[6,1,1,3,4,8,2,3],[4,2,2,12,1,7,1,5],[4,25,5,3,2],[3,8,1,4,6,2,5,1,1,2],[3,2,14,6,10,2],[2,2,1,7,5,2,2,4,2],[2,3,5,2,6,1,1,2,1],[1,7,4,1,4,1,3,1],[1,4,5,2,1,4,1,4,2],[2,3,5,2,1,4,1,2,2,1],[2,3,2,5,1,5,4,2,2],[7,2,7,6,4,1],[4,8,8,2,2],[6,6,1,4,2],[15,2,2],[4,4,2,1],[7,2],[4,2]]